function edges = get_adhealth_edges47()
edges = [0,277;0,455;0,463;0,573;1,420;1,465;1,507;1,558;2,13;2,169;2,196;2,263;2,514;2,529;2,641;3,577;4,30;4,58;4,60;4,78;4,110;4,205;4,211;4,265;4,308;4,433;4,459;4,466;4,520;4,524;5,65;5,80;5,83;5,183;5,271;5,287;5,313;5,319;5,372;5,411;5,416;5,527;5,613;6,61;6,195;6,232;6,236;6,372;6,445;6,481;6,544;6,547;6,623;7,305;7,357;7,433;7,488;7,502;7,651;8,84;8,115;8,160;8,235;8,430;8,432;8,449;8,477;8,488;8,585;8,590;8,607;9,254;9,303;9,353;9,400;9,426;9,610;10,144;10,189;10,296;10,400;10,450;10,509;10,636;11,20;11,41;11,58;11,162;11,184;11,205;11,234;11,331;11,356;11,652;12,45;12,96;12,347;12,349;12,388;12,396;12,555;13,2;13,169;13,258;13,263;13,434;13,443;13,458;13,529;13,641;14,29;14,33;14,57;14,154;14,220;14,238;14,244;14,296;14,504;14,509;14,513;15,46;15,107;15,198;15,298;15,300;15,470;15,477;15,587;15,621;15,623;16,73;16,82;16,122;16,163;16,212;16,269;16,378;16,390;16,395;16,417;16,544;16,564;16,656;16,666;17,24;17,48;17,300;17,317;17,457;17,508;17,596;18,73;18,101;18,176;18,183;18,337;18,338;18,354;18,378;18,386;18,392;18,396;18,668;19,22;19,26;19,66;19,75;19,266;19,301;19,552;19,563;19,570;19,653;20,11;20,24;20,69;20,179;20,204;20,218;20,223;20,396;20,506;20,627;21,24;21,49;21,58;21,108;21,270;21,366;21,367;21,388;21,389;21,562;21,571;21,604;21,615;22,19;22,44;22,75;22,493;22,552;23,87;23,127;23,312;23,363;24,17;24,20;24,21;24,26;24,81;24,229;24,233;24,486;24,552;24,585;24,645;25,78;25,518;26,19;26,24;26,44;26,75;26,216;26,242;26,509;26,552;26,629;26,644;27,80;27,145;27,411;27,634;28,150;28,166;28,308;28,422;28,453;28,457;28,512;29,14;29,154;29,191;29,236;29,296;29,597;29,656;30,4;30,114;30,200;30,211;30,308;30,409;30,520;30,617;31,75;31,97;31,216;31,266;31,364;31,371;31,515;31,546;31,653;32,56;32,77;32,190;32,201;32,221;32,259;32,457;32,465;32,470;32,547;32,606;32,628;33,14;33,57;33,100;33,125;33,135;33,144;33,208;33,217;33,359;34,61;34,84;34,142;34,191;34,249;34,294;34,330;34,341;34,381;34,430;34,460;34,496;34,521;34,527;34,537;34,566;34,571;34,590;34,642;35,45;35,77;35,78;35,136;35,200;35,241;35,302;35,360;35,397;35,421;35,477;35,488;35,596;35,601;36,140;36,190;36,261;36,300;36,317;36,374;36,391;36,459;36,464;36,594;36,643;37,40;37,72;37,417;37,429;38,359;38,514;39,438;39,465;39,561;39,593;40,37;40,95;40,298;40,419;40,639;41,11;41,67;41,175;41,184;41,222;41,279;41,331;41,394;41,401;41,529;41,666;42,425;42,510;42,651;43,78;43,178;43,223;43,236;43,318;43,328;43,358;44,22;44,26;44,75;44,133;44,360;44,475;44,486;44,509;44,552;44,563;44,629;45,12;45,35;45,47;45,80;45,83;45,112;45,188;45,396;45,405;45,440;46,15;46,201;46,246;46,254;46,341;46,362;46,452;46,510;46,621;47,45;47,77;47,112;47,184;47,311;47,492;48,17;48,92;48,133;48,233;48,265;48,272;48,293;48,317;48,322;48,333;48,353;48,486;48,495;48,647;49,21;49,180;49,191;49,264;49,268;49,362;49,367;49,393;49,557;49,563;49,621;49,625;50,100;50,479;51,101;51,142;51,194;51,273;51,595;51,602;52,54;52,119;52,122;52,154;52,158;52,228;52,332;52,450;52,576;52,596;52,656;53,174;53,346;53,364;54,52;54,68;54,73;54,85;54,228;54,332;54,378;54,654;55,67;55,112;55,163;55,188;55,203;55,214;55,232;55,328;55,337;55,364;55,519;55,544;55,633;55,657;55,666;56,32;56,164;56,221;56,257;56,388;56,435;56,470;56,549;57,14;57,33;57,111;57,125;57,154;57,239;57,244;57,312;57,450;57,466;57,476;57,493;57,638;58,4;58,11;58,21;58,107;58,142;58,162;58,181;58,218;58,330;58,372;58,527;59,395;59,448;59,526;59,564;59,635;60,4;60,292;61,6;61,34;61,76;61,130;61,131;61,163;61,232;61,236;61,294;61,365;61,374;61,423;61,579;61,584;61,590;62,541;63,108;63,209;63,280;63,352;63,402;63,425;63,467;63,534;63,626;64,141;64,257;64,262;64,278;64,321;64,456;64,497;64,565;64,574;64,604;65,5;65,109;65,116;65,178;65,279;65,287;65,313;65,373;65,396;65,411;65,424;65,458;65,555;65,613;66,19;66,256;66,257;66,301;66,321;66,328;66,451;66,468;66,479;66,541;66,565;66,649;67,41;67,55;67,82;67,112;67,223;67,232;67,290;67,378;67,544;67,666;68,54;68,73;68,85;68,228;68,240;68,332;69,20;69,204;69,218;69,288;69,572;69,627;69,635;70,129;70,182;70,316;70,370;70,413;70,422;70,531;70,667;71,164;71,269;71,294;71,346;71,349;71,361;71,443;71,626;71,662;72,37;72,106;73,16;73,18;73,54;73,68;73,85;73,337;73,354;73,368;73,378;73,554;73,576;73,668;74,140;74,167;74,229;74,261;75,19;75,22;75,26;75,31;75,44;75,129;75,282;75,301;75,305;75,491;75,504;75,552;75,563;75,568;75,606;76,61;76,89;76,101;76,139;76,173;76,184;76,188;76,194;76,202;76,223;76,232;76,236;76,260;76,273;76,290;76,295;76,373;76,375;76,386;76,519;76,554;76,581;76,611;76,633;76,649;77,32;77,35;77,47;77,115;77,141;77,263;77,431;77,469;77,488;77,651;78,4;78,25;78,35;78,43;78,255;78,259;78,398;78,459;78,502;78,525;79,217;79,598;80,5;80,27;80,45;80,148;80,155;80,277;80,385;80,416;80,448;80,613;80,629;81,24;81,645;82,16;82,67;82,160;82,231;82,278;82,538;82,540;82,550;82,588;82,591;82,593;82,613;82,662;83,5;83,45;83,104;83,173;83,188;83,203;83,212;83,214;83,243;83,267;83,416;83,448;83,462;83,553;83,613;83,657;83,665;84,8;84,34;84,209;84,225;84,389;84,443;84,474;84,521;84,590;84,642;84,654;85,54;85,68;85,73;85,177;85,228;85,240;85,354;85,390;85,512;85,601;86,300;86,326;86,590;86,619;87,23;87,404;87,438;87,477;88,142;88,160;88,204;88,231;88,273;88,346;88,404;88,438;88,572;88,595;88,655;89,76;89,112;89,118;89,445;89,533;90,136;90,143;90,264;90,428;90,571;91,299;91,302;91,470;91,527;91,574;91,609;92,48;92,477;92,496;92,596;92,598;92,599;92,600;93,153;93,292;93,299;93,315;93,614;94,157;94,562;94,615;95,40;95,153;95,360;95,419;95,548;95,619;95,639;95,648;96,12;96,137;96,145;96,159;96,228;96,311;96,332;96,334;96,339;96,424;96,463;96,485;96,515;96,526;96,576;96,580;97,31;97,339;97,481;98,137;98,194;98,255;98,271;98,373;98,423;98,556;98,573;98,576;98,580;98,584;98,605;98,613;99,326;99,341;99,560;99,619;100,33;100,50;100,258;100,356;100,420;100,525;100,574;100,607;101,18;101,51;101,76;101,132;101,148;101,194;101,199;101,267;101,279;101,338;101,386;101,506;101,666;102,108;102,132;102,194;102,210;102,227;102,264;102,504;102,574;102,604;103,120;103,140;103,251;103,391;103,397;103,508;104,83;104,105;104,132;104,165;104,203;104,437;104,443;104,553;104,573;104,606;104,662;104,665;105,104;105,174;105,443;105,606;106,72;106,107;106,211;106,417;106,453;106,477;106,530;107,15;107,58;107,106;107,268;107,352;107,384;107,456;107,465;107,584;107,623;108,21;108,63;108,102;108,205;108,314;108,504;108,646;109,65;109,132;109,199;109,228;109,359;109,384;109,408;109,412;109,465;109,593;109,630;109,656;109,666;110,4;110,233;110,293;111,57;111,299;111,302;111,359;111,474;112,45;112,47;112,55;112,67;112,89;112,184;112,311;112,361;112,461;112,544;112,569;112,602;112,626;112,666;113,170;113,187;113,230;113,271;113,279;113,313;113,386;113,514;113,576;113,580;113,665;114,30;114,427;114,431;114,449;114,478;114,557;114,558;114,615;115,8;115,77;115,164;115,427;115,443;115,449;115,474;115,494;116,65;116,118;116,270;116,279;116,313;116,411;116,427;116,441;116,458;116,528;116,575;116,613;117,122;117,187;117,266;117,267;117,427;117,463;117,553;117,607;117,653;118,89;118,116;118,518;118,610;119,52;119,132;119,255;119,581;119,656;120,103;120,150;120,187;120,231;120,251;120,292;120,374;120,394;120,527;120,535;120,600;121,122;121,132;121,369;121,493;121,561;121,591;122,16;122,52;122,117;122,121;122,132;122,199;122,205;122,354;122,375;122,378;122,414;122,440;122,504;122,656;123,348;123,357;123,358;123,387;123,414;123,434;123,443;123,502;123,573;123,577;124,134;124,285;124,457;124,568;124,667;125,33;125,57;125,144;125,275;125,530;125,630;126,152;126,195;126,370;126,379;126,382;126,386;126,413;126,422;126,426;126,465;126,471;126,512;126,546;127,23;127,157;127,331;127,461;127,477;127,486;127,531;128,138;128,268;128,341;128,350;128,377;128,559;128,566;128,567;128,646;129,70;129,75;129,131;129,195;129,216;129,364;129,370;129,426;129,450;129,456;129,511;129,559;130,61;130,144;130,270;130,297;130,345;130,389;130,473;130,485;130,498;130,499;130,574;131,61;131,129;131,135;131,191;131,203;131,205;131,232;131,293;131,330;131,385;131,527;131,534;