function edges = get_adhealth_edges16()
edges = [0,650;1,10;1,33;1,68;1,89;1,135;1,166;1,176;1,230;1,248;1,263;1,291;1,326;1,343;1,361;1,367;1,392;1,406;1,423;1,437;1,457;1,472;1,476;2,33;2,36;2,68;2,166;2,183;2,248;2,291;2,326;2,343;2,361;2,414;3,39;3,93;4,74;4,191;4,230;4,251;4,336;4,370;4,374;4,375;4,377;4,410;4,422;4,437;5,26;5,78;5,202;5,446;6,221;6,247;6,363;7,56;7,84;7,86;7,172;7,209;7,292;7,387;7,390;7,417;7,445;8,59;8,86;8,113;8,164;8,209;8,211;8,227;8,230;8,263;8,296;8,372;8,375;8,457;9,92;9,112;9,134;9,185;9,348;10,1;10,33;10,86;10,183;10,222;10,243;10,266;10,288;10,312;10,360;10,363;10,367;11,58;11,162;11,180;11,297;11,459;11,473;12,118;12,121;12,138;12,193;12,309;12,389;12,472;12,475;13,32;13,53;13,66;13,98;13,108;13,158;13,170;13,284;13,291;13,306;13,315;13,326;13,361;13,442;13,464;14,97;14,144;14,166;14,205;14,341;14,345;14,424;14,464;15,134;15,178;15,384;16,50;16,192;16,207;16,213;16,235;16,381;16,415;16,439;16,445;17,65;17,141;17,237;17,317;17,319;17,333;18,31;18,45;18,153;18,168;18,215;18,233;18,237;18,272;18,310;18,346;19,103;19,241;19,319;19,350;20,44;20,76;20,78;20,187;20,249;20,409;20,465;21,81;21,339;21,510;22,218;22,230;22,258;23,48;23,85;23,190;23,314;23,348;23,350;23,359;23,428;23,440;23,616;24,66;24,89;24,127;24,148;24,160;24,166;24,266;24,286;24,290;24,327;24,360;24,423;25,26;25,102;25,128;25,167;25,266;26,5;26,25;26,154;26,185;26,208;26,210;26,365;26,408;26,440;26,446;27,104;27,275;27,348;28,109;28,153;28,214;28,302;29,83;29,89;29,100;29,162;29,166;29,211;29,243;29,257;29,293;29,317;29,322;29,376;30,64;30,85;30,161;30,214;30,253;30,283;30,314;30,320;30,352;30,355;30,359;30,421;30,429;30,432;30,666;31,18;31,48;31,92;31,249;31,272;31,409;32,13;32,158;32,409;32,458;32,463;32,544;33,1;33,2;33,10;33,89;33,127;33,158;33,213;33,277;33,286;33,291;33,306;33,317;33,326;33,327;33,343;33,360;33,419;33,430;33,443;33,464;33,476;34,65;34,110;34,157;34,161;34,184;34,350;34,371;34,405;34,669;35,111;35,395;35,458;35,543;36,2;36,84;36,86;36,94;36,211;36,390;36,410;36,417;36,445;36,474;37,147;37,178;37,226;37,238;37,268;37,278;37,323;37,378;37,454;37,481;38,147;38,171;38,179;38,191;38,226;38,228;38,255;38,265;38,288;38,289;38,294;38,323;38,329;38,417;39,3;39,155;39,167;39,320;39,428;39,432;40,118;40,128;40,255;40,256;40,289;40,393;40,475;41,143;41,182;41,214;41,233;41,355;41,432;41,467;42,219;42,338;42,377;42,414;42,436;42,569;43,73;43,140;44,20;44,143;44,205;44,210;44,214;44,233;44,359;44,413;44,458;45,18;45,93;45,346;45,421;46,81;46,182;46,206;46,326;46,366;46,456;47,89;47,162;47,165;47,166;47,257;47,273;47,337;47,389;47,397;47,406;47,459;47,473;48,23;48,31;48,93;48,272;48,421;49,96;49,99;49,204;49,228;49,294;49,329;49,330;49,372;49,390;49,403;49,474;49,706;50,16;50,129;50,340;50,415;50,684;51,221;51,324;51,394;51,415;52,242;52,252;52,267;52,324;52,383;52,456;52,596;52,704;53,13;53,165;53,380;53,413;53,434;54,117;54,159;54,207;55,59;55,84;55,121;55,164;55,172;55,192;55,280;55,286;55,296;55,360;55,361;55,431;55,449;56,7;56,63;56,82;56,86;56,250;56,292;56,387;56,390;56,410;56,417;56,445;56,516;57,172;57,213;57,222;57,286;57,327;57,430;57,442;57,599;58,11;58,113;58,131;58,162;58,256;58,326;58,412;58,438;58,459;58,473;59,8;59,55;59,61;59,86;59,121;59,135;59,164;59,230;59,280;59,282;59,296;59,361;59,403;59,449;60,217;60,329;60,337;60,375;61,59;61,86;61,121;61,137;61,164;61,213;61,219;61,280;61,296;61,297;61,360;61,390;61,676;62,318;63,56;63,116;63,165;63,209;63,282;63,292;63,410;63,417;63,445;64,30;64,76;64,112;64,188;64,231;64,253;64,283;64,336;64,349;65,17;65,34;65,75;65,237;65,335;65,345;65,350;65,352;65,409;65,555;66,13;66,24;66,135;66,291;66,327;66,343;66,360;66,430;66,464;67,439;68,1;68,2;68,152;68,166;68,183;68,217;68,239;68,263;68,326;68,366;68,406;68,445;68,464;68,581;68,721;69,127;69,150;69,152;69,172;69,174;69,259;69,281;69,300;69,403;69,423;69,454;69,504;70,102;70,145;70,397;71,102;71,364;72,79;72,89;72,163;72,229;72,324;72,373;72,407;72,441;73,43;73,169;74,4;74,117;74,192;74,207;74,332;74,372;74,400;74,461;74,474;75,65;75,90;75,110;75,157;75,231;75,234;75,336;75,341;75,349;75,350;75,434;75,460;76,20;76,64;76,97;76,139;76,210;76,349;76,440;77,382;77,427;77,433;78,5;78,20;78,95;78,107;78,112;78,185;78,202;78,260;78,351;78,424;78,428;78,462;78,497;78,543;78,700;79,72;79,91;79,102;79,104;79,150;79,167;79,194;79,321;79,334;80,220;81,21;81,46;81,142;81,206;81,339;81,344;81,364;81,510;81,516;81,527;82,56;82,83;82,124;82,206;82,223;82,254;82,294;82,344;82,361;82,404;83,29;83,82;83,88;83,258;83,289;83,309;83,338;83,363;83,700;84,7;84,36;84,55;84,209;84,211;84,227;84,342;84,387;84,398;84,431;84,445;85,23;85,30;85,112;85,155;85,181;85,188;85,190;85,253;85,287;85,335;85,386;85,413;85,434;85,462;86,7;86,8;86,10;86,36;86,56;86,59;86,61;86,209;86,215;86,263;86,266;86,292;86,297;86,374;86,387;86,390;86,410;86,445;86,449;87,92;87,112;87,190;87,287;87,314;87,335;87,434;87,446;88,83;88,100;88,171;88,262;88,328;88,356;88,447;89,1;89,24;89,29;89,33;89,47;89,72;89,94;89,100;89,114;89,124;89,130;89,135;89,166;89,179;89,204;89,217;89,232;89,264;89,266;89,288;89,306;89,361;90,75;90,97;90,144;90,189;90,190;90,203;90,212;90,231;90,234;90,336;90,349;90,366;90,424;91,79;91,125;91,127;91,160;91,259;91,300;91,327;91,357;91,373;91,383;91,403;91,433;91,442;91,504;92,9;92,31;92,87;92,112;92,185;92,260;92,348;92,424;92,440;92,446;92,466;93,3;93,45;93,48;93,115;93,139;93,187;93,201;93,303;93,422;94,36;94,89;94,157;94,296;94,330;94,394;94,504;95,78;95,112;95,175;95,202;95,253;95,335;95,352;95,365;95,388;95,446;95,462;96,49;96,99;96,134;96,165;96,277;96,294;96,412;96,457;96,474;97,14;97,76;97,90;97,144;97,173;97,203;97,231;97,320;97,458;97,463;97,575;97,607;97,616;97,686;98,13;98,107;98,111;98,120;98,140;98,205;98,251;98,393;98,434;98,471;99,49;99,96;99,171;99,228;99,294;99,330;99,356;100,29;100,88;100,89;100,171;100,226;100,242;100,258;100,328;100,447;101,118;101,183;101,194;101,238;101,243;101,256;101,293;101,393;101,417;101,420;101,745;102,25;102,70;102,71;102,79;102,167;102,217;102,240;102,408;102,431;103,19;103,141;103,237;103,341;104,27;104,79;104,134;104,196;104,217;104,289;104,325;104,393;104,454;104,475;105,171;105,262;106,159;106,216;106,305;106,313;106,364;106,392;106,400;106,441;106,455;107,78;107,98;107,112;107,201;107,253;108,13;108,203;108,321;108,614;109,28;109,153;109,181;109,208;109,214;109,302;109,402;109,446;110,34;110,75;110,141;110,157;110,212;110,333;110,371;110,466;110,536;111,35;111,98;111,175;111,249;111,275;111,365;111,375;111,413;111,465;111,771;112,9;112,64;112,78;112,85;112,87;112,92;112,95;112,107;112,185;112,208;112,260;112,307;112,370;112,395;112,446;113,8;113,58;113,119;113,133;113,266;113,305;113,312;113,391;113,723;114,89;114,135;114,250;114,259;114,361;114,366;114,367;114,414;114,430;114,632;115,93;115,153;115,155;115,168;115,251;115,421;115,422;115,711;116,63;116,183;116,261;116,383;116,387;116,410;116,417;116,437;116,445;116,457;117,54;117,74;117,159;117,192;117,207;117,271;117,331;117,401;117,471;118,12;118,40;118,101;118,136;118,255;118,380;118,547;119,113;119,127;119,146;119,237;119,304;119,312;119,364;119,415;119,427;119,433;120,98;120,187;120,201;120,354;120,386;120,448;120,465;121,12;121,55;121,59;121,61;121,135;121,137;121,164;121,280;122,126;123,142;123,218;123,252;123,363;123,451;124,82;124,89;124,217;124,292;124,423;124,634;125,91;126,122;126,150;126,191;126,330;127,24;127,33;127,69;127,91;127,119;127,204;127,222;127,266;127,286;127,290;127,343;127,423;127,442;128,25;128,40;128,255;128,297;128,473;129,50;129,131;129,172;129,192;129,235;129,340;129,394;129,415;129,431;129,449;130,89;130,135;130,165;130,166;130,179;130,195;130,282;130,306;130,414;130,416;130,464;130,691;131,58;131,129;131,207;131,271;131,276;131,288;131,349;131,363;131,394;131,431;131,451;131,620;131,674;132,229;132,691;133,113;133,266;133,312;134,9;134,15;134,96;134,104;134,178;134,297;134,331;134,375;134,384;134,474;135,1;135,59;135,66;135,89;135,114;135,121;135,130;135,164;135,239;135,280;135,282;135,361;135,366;135,476;136,118;136,150;136,162;136,