function edges = get_adhealth_edges44()
edges = [0,257;0,451;0,528;0,937;1,392;1,544;2,62;2,65;2,112;2,287;2,423;2,474;2,505;2,583;2,615;2,632;2,664;3,17;3,36;3,343;3,412;3,472;3,483;3,625;4,140;4,224;4,318;4,493;5,6;5,123;5,143;5,170;5,255;5,257;5,314;5,386;6,5;6,73;7,514;8,11;8,63;8,135;8,142;8,167;8,171;8,290;8,393;8,397;8,504;8,582;8,664;9,510;9,591;10,190;10,222;10,324;10,336;10,348;10,360;10,443;10,456;10,476;10,549;11,8;11,60;11,167;11,397;11,448;11,504;12,13;12,24;12,120;12,234;12,328;12,346;12,386;12,466;12,554;12,627;13,12;13,15;13,326;13,329;13,649;13,774;14,297;14,464;14,465;14,489;14,556;14,633;15,13;15,16;15,73;15,385;15,413;15,457;15,484;15,562;15,607;15,890;16,15;16,21;16,23;16,87;16,88;16,134;16,135;16,373;16,428;16,484;16,525;16,571;16,572;16,605;17,3;17,36;17,52;17,187;17,198;17,340;17,353;17,443;17,586;17,595;18,103;18,111;18,187;18,195;18,202;18,222;18,345;18,487;18,595;18,633;18,788;19,58;19,313;19,365;20,67;20,180;20,184;20,217;20,442;20,445;20,587;20,590;20,594;21,16;21,287;21,339;21,358;21,428;21,447;21,522;21,557;21,567;21,582;22,67;22,75;22,294;22,300;22,313;22,353;22,402;22,533;22,635;22,668;23,16;23,88;23,287;23,525;23,559;23,563;23,567;23,569;24,12;24,267;24,354;24,413;24,437;24,561;24,580;24,582;24,627;25,133;25,175;25,295;25,333;25,359;25,412;25,425;25,439;25,467;25,535;25,589;25,663;26,44;26,72;26,128;26,148;26,342;26,463;26,464;26,467;26,476;26,533;26,546;26,575;27,85;27,129;27,175;27,189;27,209;27,215;27,286;27,327;27,441;27,517;27,534;27,539;27,600;28,83;28,105;28,187;28,211;28,274;28,275;28,282;28,391;28,440;28,453;28,469;28,482;28,527;28,583;28,604;28,608;28,631;29,126;29,150;29,179;29,278;29,302;29,489;29,535;29,597;29,618;29,653;30,117;30,216;30,385;30,437;30,632;31,387;31,580;32,134;32,338;32,641;33,59;33,115;33,126;33,166;33,252;33,370;33,458;33,584;33,626;34,181;34,237;34,246;34,252;34,321;34,634;35,68;35,70;35,322;35,355;35,619;36,3;36,17;36,89;36,133;36,190;36,195;36,294;36,348;36,444;36,456;36,533;36,558;36,590;36,595;36,660;37,39;37,64;37,90;37,124;37,288;37,373;37,497;37,540;37,582;37,606;38,166;38,247;38,367;38,370;38,402;38,629;38,636;39,37;39,46;39,116;39,144;39,145;39,153;39,251;39,388;39,540;39,560;39,605;40,272;40,367;40,475;40,482;41,59;41,119;41,164;41,289;41,321;41,359;41,435;41,444;41,490;42,72;42,109;42,160;42,164;42,184;42,194;42,241;42,301;42,418;43,132;43,247;43,256;43,309;43,551;43,604;44,26;44,72;44,91;44,104;44,128;44,148;44,194;44,418;44,432;44,449;44,463;44,467;44,494;45,233;45,262;45,406;45,492;45,553;45,669;46,39;46,91;46,183;46,326;46,367;46,427;46,652;47,87;47,273;47,304;47,413;47,459;47,507;47,520;47,523;47,547;47,577;48,254;48,407;48,427;48,522;48,536;48,547;48,577;49,51;49,69;49,320;49,553;49,558;50,340;50,367;50,441;50,458;50,468;50,517;50,527;50,586;50,626;50,633;51,49;51,99;51,118;51,553;51,603;52,17;52,96;52,127;52,129;52,176;52,187;52,234;52,324;52,327;52,516;52,595;52,625;53,210;53,262;53,280;53,530;53,542;53,624;53,661;54,67;54,460;54,637;55,89;55,184;55,254;55,358;55,491;55,592;55,614;55,616;55,650;55,659;55,664;56,133;56,206;56,207;56,308;56,323;56,325;56,445;56,468;56,528;57,92;57,145;57,526;57,622;58,19;58,69;58,85;58,175;58,294;58,460;58,635;58,646;59,33;59,41;59,283;59,295;59,371;60,11;60,108;60,153;60,172;60,242;60,354;60,384;60,436;60,480;60,564;60,641;61,499;62,2;62,230;63,8;63,64;63,135;63,162;63,230;63,271;63,397;63,491;63,607;63,611;64,37;64,63;64,157;64,158;64,167;64,232;64,254;64,276;64,486;64,503;64,520;64,557;64,649;65,2;65,278;65,663;66,134;66,338;66,390;67,20;67,22;67,54;67,221;67,222;67,245;67,353;67,460;67,476;67,492;67,533;67,603;68,35;68,198;68,259;68,264;68,987;69,49;69,58;69,249;69,320;70,35;70,164;70,213;70,322;70,453;70,454;70,608;71,76;71,99;71,114;71,128;71,313;71,365;71,367;71,467;72,26;72,42;72,44;72,121;72,160;72,163;72,179;72,197;72,245;72,418;72,449;72,451;72,662;73,6;73,15;73,89;73,226;73,298;73,304;73,305;73,405;73,406;73,500;73,568;74,205;74,293;74,376;74,508;75,22;75,76;75,313;75,460;75,603;75,635;75,646;75,668;76,71;76,75;76,208;76,280;76,313;76,365;76,367;77,158;77,161;77,261;77,277;77,602;78,90;78,329;78,606;79,502;79,536;79,665;80,126;80,134;80,157;80,242;80,397;80,504;80,567;80,613;81,86;81,117;81,130;81,156;81,185;81,284;81,358;81,384;81,401;81,487;81,519;81,520;81,598;82,150;82,205;82,207;82,308;82,535;82,966;83,28;83,85;83,105;83,175;83,211;83,274;83,319;83,383;83,453;83,456;83,515;83,603;83,659;84,293;85,27;85,58;85,83;85,104;85,129;85,175;85,215;85,217;85,279;85,348;85,460;85,543;85,600;86,81;86,185;86,298;86,326;86,384;86,533;87,16;87,47;87,89;87,167;87,185;87,214;87,273;87,284;87,305;87,413;87,422;87,457;87,484;87,520;87,525;87,568;88,16;88,23;88,428;88,484;88,525;89,36;89,55;89,73;89,87;89,232;89,234;89,236;89,328;89,358;89,381;89,410;89,446;89,568;89,569;89,625;90,37;90,78;90,256;90,310;90,329;90,580;90,606;91,44;91,46;91,114;91,159;91,206;91,210;91,262;91,349;91,365;91,449;91,542;91,638;91,661;91,662;92,57;92,240;92,380;92,561;92,573;92,622;93,115;93,154;93,288;94,150;94,179;94,444;94,489;94,538;94,597;94,631;94,648;95,620;96,52;96,187;96,225;96,586;96,595;97,138;97,143;97,236;97,317;97,571;97,605;97,615;98,133;98,165;98,203;98,333;98,399;98,439;98,444;98,445;98,579;98,591;99,51;99,71;99,114;99,365;99,467;99,530;99,635;100,104;100,166;100,252;100,494;100,596;100,1012;101,138;101,401;101,540;102,225;102,309;102,656;103,18;103,111;103,213;103,345;103,352;103,487;103,579;103,610;103,703;104,44;104,85;104,100;104,129;104,234;104,245;104,382;104,411;104,442;104,443;104,466;104,494;104,539;105,28;105,83;105,211;105,274;105,275;105,383;105,408;105,435;105,440;105,453;105,579;105,608;105,631;105,659;105,811;105,1007;106,211;106,212;106,266;106,388;106,454;106,659;107,121;107,133;107,150;107,177;107,200;107,312;107,322;107,376;107,445;107,591;107,637;107,660;107,663;108,60;108,124;108,158;108,172;108,226;108,236;108,347;108,389;108,452;108,507;109,42;109,352;109,460;109,513;109,579;109,635;110,263;110,444;111,18;111,103;111,367;111,579;111,610;112,2;112,378;112,531;112,541;113,116;113,363;113,452;113,632;114,71;114,91;114,99;114,115;114,172;114,204;114,335;114,365;114,530;114,638;115,33;115,93;115,114;115,127;115,274;115,334;115,464;115,512;115,583;115,659;116,39;116,113;116,236;116,261;116,363;116,379;116,395;116,571;116,580;116,615;117,30;117,81;117,185;117,363;117,385;117,403;117,426;117,427;117,428;117,450;117,519;117,523;117,592;117,611;117,633;118,51;118,150;118,321;118,340;118,439;118,461;118,527;118,529;118,642;119,41;119,278;119,292;119,345;119,411;119,439;119,470;119,576;119,693;120,12;120,251;120,255;120,315;120,361;120,407;120,428;120,459;120,466;120,500;120,523;120,526;120,602;120,627;121,72;121,107;121,160;121,295;121,355;121,470;121,478;121,938;122,275;122,430;122,435;122,456;122,468;122,515;122,583;122,631;123,5;123,157;123,404;123,468;123,478;123,479;123,480;123,527;123,585;123,610;123,633;123,649;123,657;123,710;124,37;124,108;124,157;124,232;124,330;124,388;124,429;124,459;124,647;124,723;125,154;125,191;125,221;125,524;125,562;126,29;126,33;126,80;126,370;126,478;126,610;127,52;127,115;127,163;127,190;127,207;127,327;127,408;127,441;127,456;127,512;127,595;127,608;128,26;128,44;128,71;128,148;128,463;128,467;128,552;128,575;128,635;129,27;129,52;129,85;129,104;129,151;129,215;129,279;129,327;129,476;129,539;130,81;130,188;130,245;130,385;130,392;130,393;130,419;130,520;130,573;131,204;131,473;131,534;131,550;131,570;132,43;132,411;133,25;133,36;133,56;133,98;133,107;133,195;133,203;133,245;133,445;133,535;133,591;133,595;133,598;133,648;133,663;134,16;134,32;134,66;134,80;134,231;134,242;134,338;134,431;134,554;134,613;135,8;135,16;135,63;135,173;135,214;135,271;135,285;135,389;135,393;135,397;135,410;135,422;135,571;136,311;136,598;137,191;138,97;138,101;138,317;138,401;139,216;139,341;139,501;139,561;140,4;140,146;140,427;140,501;140,536;140,606;141,192;141,538;141,639;142,8;142,290;142,433;142,507;142,522;143,5;143,97;143,201;143,298;143,299;143,381;143,405;143,407;143,427;143,522;143,602;144,39;144,251;